4.324538937042083633e-04 4.249304912444654202e-04 3.653189844420522375e-04 3.622194712003604100e-04 3.371397002982376109e-04 2.875082200475918143e-04 1.514430534481428774e-04 1.476473037748992114e-05 -3.594354716413428208e-06 -2.855405825669989581e-06 1.427594849345192556e-06 2.642905083499813507e-08 1.393994183561781193e-07 2.313938061497758051e-07 1.273255279633994349e-07 -2.218157594291319101e-07 1.822601667057252850e-07 -4.340454744242439480e-08 4.992862165848849364e-08 6.981256449097834274e-10 7.866865371973021803e-09
4.249304912444654202e-04 4.449333567645525830e-04 3.828201190686414184e-04 3.790601482138574937e-04 3.560723058943227591e-04 3.054598013079952760e-04 1.627529442518312150e-04 1.304173199988808835e-05 -3.599037968361135309e-06 -2.667157618288337483e-06 1.243130556950423794e-06 -3.531213409559331859e-07 -1.408586408357287056e-07 5.187045972743465920e-08 -1.461605644029537307e-07 -4.729014573352320268e-07 -1.719601589045676751e-09 -2.577711449145992091e-07 -1.697670858046800340e-07 -2.045914882265829864e-07 -1.718757021375856272e-07
3.653189844420522375e-04 3.828201190686414184e-04 3.324338712156964075e-04 3.291813233854730815e-04 3.091273873157027543e-04 2.657672665593968208e-04 1.427069993201221618e-04 1.196530003175566036e-05 -2.793120777781959508e-06 -2.014801063303517641e-06 1.232738051477487438e-06 -2.075855546434322335e-07 -2.294990560429543978e-08 1.591184487692211586e-07 -2.691818868142906948e-08 -3.070998742909796500e-07 8.552161033765633491e-08 -1.174293242721124540e-07 -4.511170226945101887e-08 -7.263354992120148702e-08 -4.547818111910833056e-08
3.622194712003604100e-04 3.790601482138574937e-04 3.291813233854730815e-04 3.289044337132664532e-04 3.092117645241085626e-04 2.657191262162438179e-04 1.417377203559182957e-04 1.269766864286269878e-05 -2.674556646682373393e-06 -1.947563023304871309e-06 1.326674939672355672e-06 -4.700915655670759142e-08 6.255705067366600727e-08 1.771228177968147876e-07 1.090893245815129890e-07 -3.283793298848201268e-07 1.207253750308485970e-07 -7.796255362763579790e-08 -1.172490202016884970e-08 -5.436927852847844522e-08 -3.358489542947258656e-08
3.371397002982375567e-04 3.560723058943227048e-04 3.091273873157027543e-04 3.092117645241085626e-04 2.913201657343793141e-04 2.506539027537104227e-04 1.338114676501401938e-04 1.146317133510776513e-05 -2.484519661205163401e-06 -1.845387492763846785e-06 1.189916319023311874e-06 -1.146534675677140268e-07 1.395719721914621619e-09 1.193031721378494587e-07 8.403681629876006888e-08 -3.610906162030301684e-07 7.654700634393723761e-08 -1.107726458406467999e-07 -5.188054021282799849e-08 -9.426087354112799297e-08 -7.302243587627908252e-08
2.875082200475918143e-04 3.054598013079952760e-04 2.657672665593968208e-04 2.657191262162437637e-04 2.506539027537104227e-04 2.161172645714648521e-04 1.159522874060800858e-04 9.536216093132321897e-06 -2.009266003758611176e-06 -1.578888984868041368e-06 9.589164686503206217e-07 -1.781945743571805375e-07 -4.705374171907036222e-08 7.826497199236426007e-08 6.651138871234136496e-08 -3.368876871151860203e-07 4.523907005232898224e-08 -1.137880644104363991e-07 -6.515863023173559078e-08 -1.017476453310694332e-07 -8.370475618541552117e-08
1.514430534481429316e-04 1.627529442518312150e-04 1.427069993201221618e-04 1.417377203559182957e-04 1.338114676501401938e-04 1.159522874060800858e-04 6.379145736132390253e-05 4.932714329392541329e-06 -9.295423006835898695e-07 -7.696979906369880775e-07 4.868097448193994774e-07 -1.740549486332127171e-07 -3.585646276033551392e-08 8.447733466662574564e-08 5.154074741466204797e-08 -1.814296158332732514e-07 2.456461054977067844e-08 -6.087532541071650401e-08 -3.349679169888138733e-08 -4.813435121870316795e-08 -3.063819883925649960e-08
1.476473037748992114e-05 1.304173199988808835e-05 1.196530003175566036e-05 1.269766864286269708e-05 1.146317133510776513e-05 9.536216093132321897e-06 4.932714329392540482e-06 1.785081986938063524e-06 -1.483678155484401611e-07 -1.272762462459034352e-08 1.576381287986932397e-07 1.281563705066773131e-07 8.996252314783610114e-08 6.653883679165991380e-08 7.637255716297370453e-08 2.364499615049070892e-08 4.503022627995948954e-08 4.224748027173848131e-08 4.249220607245130104e-08 4.335732046877229768e-08 4.011219980739240357e-08
-3.594354716413428208e-06 -3.599037968361135309e-06 -2.793120777781959508e-06 -2.674556646682373393e-06 -2.484519661205162977e-06 -2.009266003758611176e-06 -9.295423006835898695e-07 -1.483678155484401611e-07 1.071508609864747530e-07 5.952556158917943104e-08 -8.292684784224423116e-10 9.682800297681530817e-09 1.146680808385592864e-08 1.133525704212071454e-08 1.759222910299273106e-08 1.265675101970610785e-08 1.190817430192232221e-08 1.475000990680845537e-08 1.435840369192599913e-08 1.305910883770251805e-08 1.284830405210620246e-08
-2.855405825669989581e-06 -2.667157618288337060e-06 -2.014801063303517217e-06 -1.947563023304871733e-06 -1.845387492763846785e-06 -1.578888984868041580e-06 -7.696979906369879716e-07 -1.272762462459034518e-08 5.952556158917943104e-08 9.277510124483976141e-08 4.055585072589712549e-08 4.314268059742616998e-08 3.621740476845852061e-08 3.188315951303351888e-08 2.499804371803600715e-08 2.879941436570410423e-08 2.456925548006023253e-08 2.622692149118810812e-08 2.652967497604320068e-08 2.603937712767018596e-08 2.827737813074873738e-08
1.427594849345192556e-06 1.243130556950423582e-06 1.232738051477487438e-06 1.326674939672355460e-06 1.189916319023311874e-06 9.589164686503206217e-07 4.868097448193995833e-07 1.576381287986932397e-07 -8.292684784224402436e-10 4.055585072589712549e-08 5.666903488730876204e-08 4.524884104885745200e-08 3.603846709513447385e-08 3.007605780664685218e-08 1.770889886584067579e-08 2.068118022586289330e-08 2.171619817892028910e-08 2.222852115927011266e-08 2.308663861323881144e-08 2.256276592628840347e-08 2.384090987965976202e-08
2.642905083499818470e-08 -3.531213409559333976e-07 -2.075855546434322865e-07 -4.700915655670761789e-08 -1.146534675677140268e-07 -1.781945743571804846e-07 -1.740549486332126376e-07 1.281563705066773131e-07 9.682800297681539089e-09 4.314268059742616998e-08 4.524884104885745200e-08 4.577197915243791665e-08 3.430955160079943715e-08 2.575046974318027203e-08 2.041076557616645625e-08 2.019784908399799565e-08 2.031457402956243267e-08 2.110780513370554058e-08 2.164525225928832319e-08 2.078977957063402493e-08 2.155988191262928067e-08
1.393994183561779604e-07 -1.408586408357288114e-07 -2.294990560429566478e-08 6.255705067366592786e-08 1.395719721914592668e-09 -4.705374171907038207e-08 -3.585646276033548745e-08 8.996252314783611437e-08 1.146680808385592864e-08 3.621740476845852061e-08 3.603846709513447385e-08 3.430955160079943715e-08 2.781212799655114548e-08 2.284758423495501187e-08 1.745909546060576490e-08 1.673021417420888276e-08 1.689499460883797652e-08 1.726604794950610878e-08 1.791374724322357807e-08 1.726358026628786882e-08 1.831004484566016887e-08
2.313938061497757257e-07 5.187045972743467244e-08 1.591184487692211057e-07 1.771228177968148141e-07 1.193031721378495911e-07 7.826497199236432625e-08 8.447733466662578534e-08 6.653883679165992703e-08 1.133525704212071454e-08 3.188315951303351888e-08 3.007605780664685218e-08 2.575046974318027203e-08 2.284758423495501187e-08 2.078266823154591736e-08 1.443270771650676340e-08 1.455489906435132758e-08 1.431584042622024339e-08 1.450672773565971785e-08 1.518307450030315173e-08 1.484610951734684555e-08 1.608438857559855749e-08
1.273255279633994613e-07 -1.461605644029536513e-07 -2.691818868142909264e-08 1.090893245815130419e-07 8.403681629876004241e-08 6.651138871234143114e-08 5.154074741466208106e-08 7.637255716297370453e-08 1.759222910299272775e-08 2.499804371803600715e-08 1.770889886584067910e-08 2.041076557616645625e-08 1.745909546060576490e-08 1.443270771650676340e-08 2.494343793679861124e-08 1.012083328304975890e-08 1.181924743036207229e-08 1.163068890884568599e-08 1.175165091728471596e-08 1.022223249587242845e-08 1.118217428180476593e-08
-2.218157594291319101e-07 -4.729014573352320268e-07 -3.070998742909796500e-07 -3.283793298848201798e-07 -3.610906162030301684e-07 -3.368876871151860203e-07 -1.814296158332732250e-07 2.364499615049070892e-08 1.265675101970610785e-08 2.879941436570410423e-08 2.068118022586289330e-08 2.019784908399799565e-08 1.673021417420888276e-08 1.455489906435132758e-08 1.012083328304975890e-08 1.515059642052113822e-08 1.187783028051711664e-08 1.255689208162053472e-08 1.297335206368780790e-08 1.277849839820291412e-08 1.343580964258196839e-08
1.822601667057252850e-07 -1.719601589045575628e-09 8.552161033765637461e-08 1.207253750308485970e-07 7.654700634393733026e-08 4.523907005232902856e-08 2.456461054977072807e-08 4.503022627995948954e-08 1.190817430192232221e-08 2.456925548006023253e-08 2.171619817892029241e-08 2.031457402956242936e-08 1.689499460883797652e-08 1.431584042622024339e-08 1.181924743036206898e-08 1.187783028051711664e-08 1.130764588410951040e-08 1.156706178960284606e-08 1.200838472770905591e-08 1.148419218711942691e-08 1.214378205564294864e-08
-4.340454744242437495e-08 -2.577711449145992091e-07 -1.174293242721125070e-07 -7.796255362763586407e-08 -1.107726458406467999e-07 -1.137880644104364255e-07 -6.087532541071647754e-08 4.224748027173848131e-08 1.475000990680844875e-08 2.622692149118810481e-08 2.222852115927011266e-08 2.110780513370554058e-08 1.726604794950610878e-08 1.450672773565971785e-08 1.163068890884568433e-08 1.255689208162053472e-08 1.156706178960284606e-08 1.223765275319971273e-08 1.256241074652390218e-08 1.210736577235947822e-08 1.261069651238398939e-08
4.992862165848846055e-08 -1.697670858046800075e-07 -4.511170226945108504e-08 -1.172490202016893242e-08 -5.188054021282796541e-08 -6.515863023173561725e-08 -3.349679169888134763e-08 4.249220607245130104e-08 1.435840369192599913e-08 2.652967497604320068e-08 2.308663861323881144e-08 2.164525225928831988e-08 1.791374724322357807e-08 1.518307450030315173e-08 1.175165091728471596e-08 1.297335206368780790e-08 1.200838472770905425e-08 1.256241074652390384e-08 1.297835731464242055e-08 1.250807297650365711e-08 1.308989424550433156e-08
6.981256449097820832e-10 -2.045914882265830394e-07 -7.263354992120147378e-08 -5.436927852847838566e-08 -9.426087354112791356e-08 -1.017476453310694068e-07 -4.813435121870310178e-08 4.335732046877231092e-08 1.305910883770251805e-08 2.603937712767018265e-08 2.256276592628840347e-08 2.078977957063402493e-08 1.726358026628786882e-08 1.484610951734684555e-08 1.022223249587242679e-08 1.277849839820291246e-08 1.148419218711942691e-08 1.210736577235947987e-08 1.250807297650365711e-08 1.223568625986940746e-08 1.277822882943728226e-08
7.866865371972917578e-09 -1.718757021375855478e-07 -4.547818111910844967e-08 -3.358489542947267920e-08 -7.302243587627908252e-08 -8.370475618541556088e-08 -3.063819883925647975e-08 4.011219980739241018e-08 1.284830405210620081e-08 2.827737813074873738e-08 2.384090987965976202e-08 2.155988191262928067e-08 1.831004484566016887e-08 1.608438857559855749e-08 1.118217428180476428e-08 1.343580964258196839e-08 1.214378205564295030e-08 1.261069651238398939e-08 1.308989424550433322e-08 1.277822882943728226e-08 1.356756495020007737e-08
