########
### CONFIRMING THAT COVAR/INV_COVAR/WT ARE LARGER/SMALLER FOR FEWER Z BINS
########

####
#### NBINS = 10
####

slice 1:

covar = [[0.54652926, 0.47589136, 0.45879911, 0.4607112 ],
        [0.47589136, 0.42344467, 0.41067428, 0.41258549],
        [0.45879911, 0.41067428, 0.39926091, 0.40129021],
        [0.4607112 , 0.41258549, 0.40129021, 0.40354769]] *** mean = 0.438293

Cinv = [[  276.94070181, -1133.8961564 ,  1232.81082056,  -382.79363383],
       [-1133.8961564 ,  5768.14239668, -7119.60201355,  2476.96460299],
       [ 1232.81082056, -7119.60201355, 13941.24555401, -7991.64662842],
       [ -382.79363383,  2476.96460299, -7991.64662842,  5853.99748931]]

wt = 0.008677692017839972


slice 2:
covar = [[0.25809985, 0.25510771, 0.25396372, 0.2541143 ],
        [0.25510771, 0.2574085 , 0.25741128, 0.25779167],
        [0.25396372, 0.25741128, 0.25812562, 0.25872753],
        [0.2541143 , 0.25779167, 0.25872753, 0.25971646]] *** mean covar = 0.256724
Cinv = [[  296.68829153,  -809.99681274,   638.16862028,  -122.03344427],
       [ -809.99681274,  3923.04812414, -4427.36666833,  1309.05939807],
       [  638.16862028, -4427.36666833,  8194.04373577, -4392.69116884],
       [ -122.03344427,  1309.05939807, -4392.69116884,  3199.85865352]]

wt = 0.01204552497078385

####
#### NBINS = 2
####

slice 1:
covar = [[1.01433827, 0.88325179, 0.81287465, 0.7904732 ],
        [0.88325179, 0.78153699, 0.72321911, 0.70444254],
        [0.81287465, 0.72321911, 0.67289339, 0.65675079],
        [0.7904732 , 0.70444254, 0.65675079, 0.64206042]] *** mean covar = 0.765803
Cinv = [[   95.62371641,  -235.07673766,   190.2916673 ,   -54.4561402 ],
       [ -235.07673766,  1009.46396519, -1495.89784488,   711.99621048],
       [  190.2916673 , -1495.89784488,  3723.82811813, -2402.06900209],
       [  -54.4561402 ,   711.99621048, -2402.06900209,  1744.4563998 ]]

wt = 0.056130587892884685


slice 2:
covar = [[0.30015318, 0.27604583, 0.22256986, 0.19726683],
        [0.27604583, 0.27080033, 0.22549777, 0.20433337],
        [0.22256986, 0.22549777, 0.20765759, 0.195722  ],
        [0.19726683, 0.20433337, 0.195722  , 0.19040501]] *** mean covar = 0.2257429
Cinv = [  65.46322615,  -76.54629833,  -17.39039312,   32.19937492],
       [ -76.54629833,  158.06373287, -143.46478376,   57.14957637],
       [ -17.39039312, -143.46478376,  550.52774106, -393.9245194 ],
       [  32.19937492,   57.14957637, -393.9245194 ,  315.4867721 ]]

wt = 0.1372658494724837
